%YAML:1.0
---
R: !!opencv-matrix
   rows: 3
   cols: 3
   dt: d
   data: [ 9.9997149582093481e-01, 4.8210099094517407e-03,
       5.8108010717321428e-03, -4.8866654188882818e-03,
       9.9992378064184773e-01, 1.1338139529828813e-02,
       -5.7556968931760733e-03, -1.1366211786122651e-02,
       9.9991883729776132e-01 ]
T: !!opencv-matrix
   rows: 3
   cols: 1
   dt: d
   data: [ -3.3427086935730363e+00, 4.6825921279758341e-02,
       3.6523410181075753e-03 ]
R1: !!opencv-matrix
   rows: 3
   cols: 3
   dt: d
   data: [ 9.9994753473922460e-01, -9.1729741798825086e-03,
       4.5589816453245856e-03, 9.1468618027376481e-03,
       9.9994183001794157e-01, 5.7158988384698652e-03,
       -4.6111482419041484e-03, -5.6738985772757534e-03,
       9.9997327173621287e-01 ]
R2: !!opencv-matrix
   rows: 3
   cols: 3
   dt: d
   data: [ 9.9990130039164882e-01, -1.4006993690381435e-02,
       -1.0925213257446183e-03, 1.4000544501438344e-02,
       9.9988572509877416e-01, -5.7027622571708125e-03,
       1.1722750329319976e-03, 5.6869035033296367e-03,
       9.9998314230780450e-01 ]
P1: !!opencv-matrix
   rows: 3
   cols: 4
   dt: d
   data: [ 4.3964859388017771e+02, 0., 3.1932437133789062e+02, 0., 0.,
       4.3964859388017771e+02, 2.3945363616943359e+02, 0., 0., 0., 1.,
       0. ]
P2: !!opencv-matrix
   rows: 3
   cols: 4
   dt: d
   data: [ 4.3964859388017771e+02, 0., 3.1932437133789062e+02,
       -1.4697622418380699e+03, 0., 4.3964859388017771e+02,
       2.3945363616943359e+02, 0., 0., 0., 1., 0. ]
Q: !!opencv-matrix
   rows: 4
   cols: 4
   dt: d
   data: [ 1., 0., 0., -3.1932437133789062e+02, 0., 1., 0.,
       -2.3945363616943359e+02, 0., 0., 0., 4.3964859388017771e+02, 0.,
       0., 2.9912905731634359e-01, 0. ]
