%YAML:1.0
---
M1: !!opencv-matrix
   rows: 3
   cols: 3
   dt: d
   data: [ 5.3398795246863835e+02, 0., 3.2838647448876685e+02, 0.,
       5.2871082112444458e+02, 2.3684272831233645e+02, 0., 0., 1. ]
D1: !!opencv-matrix
   rows: 1
   cols: 14
   dt: d
   data: [ -2.5896599104007406e-01, -1.2618380994612652e-01, 0., 0., 0.,
       0., 0., -3.9963322350221703e-01, 0., 0., 0., 0., 0., 0. ]
M2: !!opencv-matrix
   rows: 3
   cols: 3
   dt: d
   data: [ 5.3398795246863835e+02, 0., 3.1377033180151034e+02, 0.,
       5.2871082112444458e+02, 2.4187045535265261e+02, 0., 0., 1. ]
D2: !!opencv-matrix
   rows: 1
   cols: 14
   dt: d
   data: [ -2.6296221141266640e-01, -1.2154510805793599e-02, 0., 0., 0.,
       0., 0., -1.9510571703377133e-01, 0., 0., 0., 0., 0., 0. ]
