%YAML:1.0
---
calibration_time: "2021年07月02日 星期五 10时51分23秒"
image_width: 640
image_height: 480
board_width: 6
board_height: 9
square_size: 1.
flags: 0
camera_matrix: !!opencv-matrix
   rows: 3
   cols: 3
   dt: d
   data: [ 5.3943167241836170e+02, 0., 3.3466396850635749e+02, 0.,
       5.3925881804393259e+02, 2.4089545286425383e+02, 0., 0., 1. ]
distortion_coefficients: !!opencv-matrix
   rows: 5
   cols: 1
   dt: d
   data: [ -2.8517166339757316e-01, 9.2418734049972806e-02,
       6.0957808663620607e-04, -7.5873017071509234e-04, 0. ]
avg_reprojection_error: 4.5408819023612207e-01
