<?xml version="1.0"?>
<opencv_storage>
<calibration_time>"2021年07月05日 星期一 13时34分42秒"</calibration_time>
<nr_of_frames>13</nr_of_frames>
<image_width>640</image_width>
<image_height>480</image_height>
<board_width>9</board_width>
<board_height>6</board_height>
<square_size>50.</square_size>
<fix_aspect_ratio>1.</fix_aspect_ratio>
<!-- flags: +fix_aspectRatio +fix_principal_point +zero_tangent_dist +fix_k4 +fix_k5 -->
<flags>6158</flags>
<fisheye_model>0</fisheye_model>
<camera_matrix type_id="opencv-matrix">
  <rows>3</rows>
  <cols>3</cols>
  <dt>d</dt>
  <data>
    5.3883516220505931e+02 0. 3.1950000000000000e+02 0.
    5.3883516220505931e+02 2.3950000000000000e+02 0. 0. 1.</data></camera_matrix>
<distortion_coefficients type_id="opencv-matrix">
  <rows>5</rows>
  <cols>1</cols>
  <dt>d</dt>
  <data>
    -2.8547987032531269e-01 5.3478559098997243e-02 0. 0.
    1.1758195941774074e-01</data></distortion_coefficients>
<avg_reprojection_error>4.9776240857669463e-01</avg_reprojection_error>
<per_view_reprojection_errors type_id="opencv-matrix">
  <rows>13</rows>
  <cols>1</cols>
  <dt>f</dt>
  <data>
    1.92599863e-01 1.24834776e+00 2.55916536e-01 2.53080577e-01
    4.09838349e-01 2.51444668e-01 3.31519663e-01 4.69602257e-01
    3.46737355e-01 4.10569280e-01 4.33843821e-01 5.42097986e-01
    4.04299915e-01</data></per_view_reprojection_errors>
<!-- a set of 6-tuples (rotation vector + translation vector) for each view -->
<extrinsic_parameters type_id="opencv-matrix">
  <rows>13</rows>
  <cols>6</cols>
  <dt>d</dt>
  <data>
    1.7277154958721863e-01 3.1069854116468648e-01 1.2797881283265871e-02
    -1.1596805200396527e+02 -2.2408380410188062e+02
    8.0832514514128570e+02 3.9206431671824471e-01 6.8918024695572433e-01
    -1.3474718249673179e+00 -8.6787367197808280e+01
    1.6084945069284231e+02 7.1609677410820154e+02
    -2.6984987237769886e-01 2.2155491320214743e-01
    3.6178336997297078e-01 -5.2559384686243824e+01
    -2.0527049700268108e+02 6.4130978785390380e+02
    -1.0849868773358443e-01 2.7553707592584797e-01
    1.4588888815759672e-03 -1.6861894370688992e+02
    -1.3945709422535725e+02 6.7130756838561217e+02
    -2.6452360168972283e-01 4.5880566805648582e-01
    1.3221074047428187e+00 1.4403972396449186e+02
    -2.3466291540141751e+02 6.3099889480329159e+02
    4.3953931596324158e-01 3.2071149635254143e-01 1.6426350140914123e+00
    3.6427795192755048e+02 -1.3631636172105135e+02
    6.6533734490681161e+02 2.2146544943979238e-01 3.7046717019695652e-01
    1.8680737427355578e+00 7.2486740031847404e+01
    -1.4922068218457522e+02 7.7773594122626241e+02
    -5.5264887278445869e-02 5.0462983179854715e-01
    1.7595741094398647e+00 1.8514552499047636e+02
    -1.8005114239381805e+02 6.2846698744723165e+02
    2.1242548462014568e-01 -3.8610464978634496e-01
    1.2719196832234936e-01 -1.0848620401207361e+02
    -1.6611764471445250e+02 5.6280952442333239e+02
    -3.8739339337806972e-01 -4.7001212459545305e-01
    1.3394891071669122e+00 1.2246778908450409e+02
    -2.2679851279861953e+02 6.7361622891468653e+02
    -2.0714846207194781e-01 3.7545057345856453e-01
    1.5385562432613478e+00 1.2902309617041496e+02
    -2.0936834966722139e+02 6.4133209950332309e+02
    4.9377986972882387e-01 -2.5326296342093157e-01
    1.2265427356061704e+00 9.2367075744318697e+01
    -1.8763130920815354e+02 5.8212450684475539e+02
    -1.3998793272600121e-01 -4.4212665514461547e-01
    1.3450315482986366e+00 1.1656889463408493e+02
    -2.2091039438775471e+02 6.2269345824246693e+02</data></extrinsic_parameters>
<image_points type_id="opencv-matrix">
  <rows>13</rows>
  <cols>54</cols>
  <dt>"2f"</dt>
  <data>
    2.44405319e+02 9.41368561e+01 2.74394714e+02 9.22105713e+01
    3.05500916e+02 9.03172302e+01 3.38309204e+02 8.87929611e+01
    3.71721954e+02 8.78746490e+01 4.06454315e+02 8.67113647e+01
    4.41636505e+02 8.62466888e+01 4.77623322e+02 8.62218781e+01
    5.13767761e+02 8.65292206e+01 2.44891464e+02 1.26181656e+02
    2.74705353e+02 1.24874321e+02 3.06059143e+02 1.23963783e+02
    3.38623199e+02 1.23086105e+02 3.72249420e+02 1.22286392e+02
    4.06668884e+02 1.22142998e+02 4.42096863e+02 1.22085060e+02
    4.78011261e+02 1.22238266e+02 5.14272949e+02 1.22782639e+02
    2.45353973e+02 1.58276474e+02 2.75250031e+02 1.58049500e+02
    3.06548004e+02 1.57648926e+02 3.38891846e+02 1.57398117e+02
    3.72385712e+02 1.57416718e+02 4.06801056e+02 1.57496750e+02
    4.42113220e+02 1.57886093e+02 4.77914642e+02 1.58322266e+02
    5.13886963e+02 1.59372543e+02 2.46348602e+02 1.90389984e+02
    2.75860046e+02 1.90521622e+02 3.07083374e+02 1.91064148e+02
    3.39264069e+02 1.91560699e+02 3.72578278e+02 1.92051834e+02
    4.06767548e+02 1.92522461e+02 4.41712677e+02 1.93620636e+02
    4.77407990e+02 1.94334259e+02 5.13075806e+02 1.95625412e+02
    2.47350266e+02 2.22271408e+02 2.76928101e+02 2.23405991e+02
    3.07567657e+02 2.24259384e+02 3.39553986e+02 2.25402069e+02
    3.72706116e+02 2.26322311e+02 4.06594666e+02 2.27648178e+02
    4.41250336e+02 2.28632767e+02 4.76691376e+02 2.30003540e+02
    5.11917725e+02 2.31577774e+02 2.48927841e+02 2.53592148e+02
    2.77595856e+02 2.55092758e+02 3.08492096e+02 2.56515869e+02
    3.40010529e+02 2.58242218e+02 3.72683655e+02 2.59910187e+02
    4.06221802e+02 2.61701385e+02 4.40502441e+02 2.63232849e+02
    4.75321838e+02 2.64624634e+02 5.10364899e+02 2.66202484e+02
    2.56438538e+02 3.62375977e+02 2.55238144e+02 3.34424408e+02
    2.54304703e+02 3.08908112e+02 2.53285568e+02 2.80395111e+02
    2.52632797e+02 2.48560898e+02 2.51750565e+02 2.12815155e+02
    2.51259521e+02 1.72683197e+02 2.51096802e+02 1.27983521e+02
    2.51463348e+02 7.81900330e+01 2.91008026e+02 3.69335480e+02
    2.92614685e+02 3.43449615e+02 2.93634399e+02 3.18090454e+02
    2.95148590e+02 2.89760803e+02 2.96853149e+02 2.58065338e+02
    2.98763031e+02 2.22358429e+02 3.01108002e+02 1.82126572e+02
    3.03755859e+02 1.36998291e+02 3.07066315e+02 8.67117996e+01
    3.27492340e+02 3.78278870e+02 3.30833771e+02 3.52219543e+02
    3.34245392e+02 3.27161682e+02 3.38070648e+02 2.99222717e+02
    3.42266693e+02 2.67763855e+02 3.47087189e+02 2.32245377e+02
    3.52377655e+02 1.92209686e+02 3.58424255e+02 1.46960327e+02
    3.65127136e+02 9.67787094e+01 3.63316071e+02 3.86214539e+02
    3.69522369e+02 3.60482819e+02 3.75277313e+02 3.36104218e+02
    3.81593292e+02 3.08356049e+02 3.88453461e+02 2.77455048e+02
    3.96135864e+02 2.42336304e+02 4.04604767e+02 2.02723434e+02
    4.13966675e+02 1.57757294e+02 4.24132355e+02 1.07846245e+02
    4.00999542e+02 3.91439819e+02 4.08461151e+02 3.68605011e+02
    4.16430817e+02 3.44544281e+02 4.25239227e+02 3.17360992e+02
    4.34800842e+02 2.86778290e+02 4.45283722e+02 2.52391266e+02
    4.56841827e+02 2.13547379e+02 4.69519714e+02 1.69351273e+02
    4.83137268e+02 1.20093597e+02 4.35282593e+02 4.02629822e+02
    4.46714111e+02 3.76145325e+02 4.56984283e+02 3.52433624e+02
    4.68080139e+02 3.25775818e+02 4.80230011e+02 2.96077362e+02
    4.93468353e+02 2.62403717e+02 5.07860046e+02 2.24147522e+02
    5.23488647e+02 1.81126846e+02 5.40101501e+02 1.33095627e+02
    2.77196289e+02 7.22009659e+01 3.13964111e+02 8.12466583e+01
    3.53019012e+02 9.10334778e+01 3.93232788e+02 1.02010872e+02
    4.34717255e+02 1.13616394e+02 4.77113739e+02 1.26347130e+02
    5.19729919e+02 1.39580002e+02 5.62362000e+02 1.53605331e+02
    6.03783997e+02 1.68297546e+02 2.60038635e+02 1.05356758e+02
    2.97562622e+02 1.15207436e+02 3.37172821e+02 1.26307747e+02
    3.78445343e+02 1.38137451e+02 4.21071045e+02 1.50900131e+02
    4.64540588e+02 1.64447739e+02 5.08506775e+02 1.78625168e+02
    5.52413635e+02 1.93252975e+02 5.95454102e+02 2.08167145e+02
    2.42450989e+02 1.40621902e+02 2.80209656e+02 1.51795731e+02
    3.20519318e+02 1.63918884e+02 3.62618164e+02 1.77007553e+02
    4.06078979e+02 1.90711807e+02 4.50688812e+02 2.05273071e+02
    4.95928101e+02 2.20157166e+02 5.41217773e+02 2.35303604e+02
    5.85326721e+02 2.50700867e+02 2.24178055e+02 1.77887009e+02
